2025-07-13 13:39:26,happy,Pizza with extra cheese
